,Matrix
0,"[[-0.62675188 -0.7704602   0.11650391]
 [ 0.60163583 -0.57349239 -0.55600431]
 [ 0.49519331 -0.27838382  0.8229739 ]]"
1,"[[-0.62738785 -0.76964449  0.11845614]
 [ 0.60009797 -0.57480175 -0.55631411]
 [ 0.49625288 -0.27793943  0.82248577]]"
2,"[[-0.62838792 -0.76833485  0.12161445]
 [ 0.59739199 -0.57677404 -0.55718436]
 [ 0.49824827 -0.27747638  0.82143475]]"
3,"[[-0.62893509 -0.76742307  0.12450905]
 [ 0.59511198 -0.57826354 -0.55807978]
 [ 0.50028233 -0.27689914  0.82039294]]"
4,"[[-0.63038759 -0.76562631  0.12817125]
 [ 0.59217823 -0.5810427  -0.55831386]
 [ 0.50193273 -0.27605392  0.81966941]]"
5,"[[-0.63076986 -0.76504961  0.12972515]
 [ 0.59092395 -0.5819428  -0.55870531]
 [ 0.50292983 -0.27575683  0.8191584 ]]"
6,"[[-0.63185989 -0.76344695  0.133798  ]
 [ 0.58764919 -0.58442885 -0.5595636 ]
 [ 0.5053925  -0.27493954  0.81791625]]"
7,"[[-0.63301207 -0.76186243  0.13733657]
 [ 0.58459172 -0.58673402 -0.56035319]
 [ 0.50749209 -0.27442451  0.81678814]]"
8,"[[-0.6340971  -0.76016751  0.14165531]
 [ 0.58136909 -0.58946303 -0.56084162]
 [ 0.50983414 -0.27327402  0.81571468]]"
9,"[[-0.634743   -0.75900614  0.14495149]
 [ 0.57834128 -0.59104312 -0.56230713]
 [ 0.51246718 -0.27308905  0.81412491]]"
10,"[[-0.63512078 -0.75836066  0.14666523]
 [ 0.57713977 -0.59211864 -0.56241016]
 [ 0.51335296 -0.27255204  0.81374693]]"
11,"[[-0.63602328 -0.7569151   0.15017973]
 [ 0.57436319 -0.59431925 -0.56293124]
 [ 0.51534585 -0.27177967  0.81274508]]"
12,"[[-0.63688392 -0.75549908  0.15362315]
 [ 0.57130665 -0.5962859  -0.56396091]
 [ 0.51767523 -0.27141174  0.81138667]]"
13,"[[-0.63756193 -0.75408161  0.15772022]
 [ 0.56819419 -0.5985164  -0.56474192]
 [ 0.52025965 -0.27044222  0.81005599]]"
14,"[[-0.63833556 -0.75254719  0.16186591]
 [ 0.56492681 -0.60083566 -0.56555668]
 [ 0.52286283 -0.2695726   0.80866911]]"
15,"[[-0.63859361 -0.75190511  0.16381973]
 [ 0.56329151 -0.60176369 -0.56620061]
 [ 0.5243099  -0.26929382  0.8078242 ]]"
16,"[[-0.63942334 -0.75016356  0.16850058]
 [ 0.55962393 -0.6043811  -0.567049  ]
 [ 0.52721806 -0.26828742  0.80626492]]"
17,"[[-0.63996937 -0.74894792  0.17180272]
 [ 0.55702001 -0.60619027 -0.56768126]
 [ 0.52930885 -0.26760104  0.80512209]]"
18,"[[-0.64086938 -0.74749743  0.17474   ]
 [ 0.55438637 -0.60812807 -0.56818663]
 [ 0.53098233 -0.26725996  0.80413312]]"
19,"[[-0.64156267 -0.746147    0.17793803]
 [ 0.55164849 -0.60998555 -0.56885984]
 [ 0.53299272 -0.26679998  0.80295473]]"
20,"[[-0.64223539 -0.74504259  0.18012548]
 [ 0.54990466 -0.61155551 -0.56886262]
 [ 0.53398363 -0.26629185  0.8024649 ]]"
21,"[[-0.64313311 -0.74345576  0.18344869]
 [ 0.54700955 -0.61368576 -0.56935967]
 [ 0.53587353 -0.26582591  0.80135921]]"
22,"[[-0.64405005 -0.74170329  0.18728511]
 [ 0.5437733  -0.61607738 -0.56987648]
 [ 0.5380614  -0.26518831  0.80010302]]"
23,"[[-0.64454007 -0.74042497  0.19062775]
 [ 0.54131547 -0.61800039 -0.57013424]
 [ 0.53994966 -0.2642846   0.79912946]]"
24,"[[-0.64526108 -0.73936236  0.19230545]
 [ 0.53956469 -0.61925873 -0.57042835]
 [ 0.54084011 -0.26431396  0.79851727]]"
25,"[[-0.64626678 -0.73772262  0.19520376]
 [ 0.53696009 -0.62137223 -0.5705877 ]
 [ 0.54222969 -0.26393521  0.79769967]]"
26,"[[-0.64682986 -0.73628691  0.19872775]
 [ 0.53421602 -0.62340999 -0.57094065]
 [ 0.54426499 -0.26313791  0.79657647]]"
27,"[[-0.64742111 -0.73488557  0.20196314]
 [ 0.53153852 -0.6253016  -0.57137091]
 [ 0.54618011 -0.26256639  0.79545343]]"
28,"[[-0.64850813 -0.73312865  0.20484035]
 [ 0.52887253 -0.62749248 -0.57144291]
 [ 0.54747696 -0.26225093  0.79466552]]"
29,"[[-0.64907009 -0.73168097  0.20820884]
 [ 0.5263901  -0.62957065 -0.57144922]
 [ 0.54920072 -0.26131151  0.79378501]]"
30,"[[-0.64917871 -0.73112938  0.20980168]
 [ 0.52503543 -0.63029454 -0.57189726]
 [ 0.55036779 -0.26111016  0.79304241]]"
31,"[[-0.65004966 -0.72935711  0.21324545]
 [ 0.52216331 -0.63261369 -0.57196623]
 [ 0.55206964 -0.26045748  0.79207376]]"
32,"[[-0.65044509 -0.72808991  0.21634756]
 [ 0.51951225 -0.63424672 -0.57257151]
 [ 0.55410126 -0.26003112  0.79079431]]"
33,"[[-0.65123386 -0.7264907   0.21933019]
 [ 0.51683605 -0.63622667 -0.57279677]
 [ 0.55567524 -0.25966691  0.78980898]]"
34,"[[-0.65169742 -0.72508625  0.2225771 ]
 [ 0.51436941 -0.63815907 -0.57286759]
 [ 0.55741793 -0.25884955  0.78884914]]"
35,"[[-0.65259152 -0.72382439  0.22405918]
 [ 0.51265548 -0.63953525 -0.57286907]
 [ 0.55795037 -0.2589843   0.78842771]]"
36,"[[-0.65286055 -0.72262535  0.22712501]
 [ 0.51045764 -0.64124737 -0.57291785]
 [ 0.55964825 -0.25809779  0.78751487]]"
37,"[[-0.65320808 -0.72124083  0.23050121]
 [ 0.50760902 -0.64300537 -0.57347809]
 [ 0.56182936 -0.25759601  0.78612453]]"
38,"[[-0.65372418 -0.71965454  0.23397001]
 [ 0.50519444 -0.64523615 -0.57310454]
 [ 0.56340323 -0.25645191  0.78537177]]"
39,"[[-0.65396437 -0.7186008   0.23652365]
 [ 0.5030766  -0.6465764  -0.57345692]
 [ 0.56501723 -0.25603086  0.78434906]]"
40,"[[-0.65384258 -0.71811726  0.2383225 ]
 [ 0.50181511 -0.64730742 -0.5737376 ]
 [ 0.56627874 -0.2555403   0.78359951]]"
41,"[[-0.65461021 -0.71643572  0.2412578 ]
 [ 0.49936782 -0.6494012  -0.57350664]
 [ 0.56755374 -0.25494692  0.78286961]]"
42,"[[-0.6547477  -0.71521034  0.24449876]
 [ 0.49681677 -0.65100792 -0.57390051]
 [ 0.5696302  -0.25428896  0.78157446]]"
43,"[[-0.65488594 -0.71415134  0.24720897]
 [ 0.49472111 -0.65240367 -0.57412584]
 [ 0.57129277 -0.25368745  0.78055572]]"
44,"[[-0.65509459 -0.7134061   0.248803  ]
 [ 0.49327904 -0.65327548 -0.57437535]
 [ 0.57229973 -0.25354093  0.77986575]]"
45,"[[-0.65563917 -0.71177435  0.25202088]
 [ 0.49087629 -0.65540417 -0.57400854]
 [ 0.57374011 -0.25263139  0.7791017 ]]"
46,"[[-0.65560676 -0.71080937  0.25481334]
 [ 0.48881571 -0.65671804 -0.57426529]
 [ 0.57553366 -0.25193545  0.7780036 ]]"
47,"[[-0.65595967 -0.70926712  0.25818032]
 [ 0.48592443 -0.65856474 -0.57460418]
 [ 0.5775763  -0.25146105  0.77664219]]"
48,"[[-0.65642092 -0.70756355  0.26165888]
 [ 0.48327028 -0.66073577 -0.5743501 ]
 [ 0.57927659 -0.25056344  0.77566512]]"
49,"[[-0.65639135 -0.70707919  0.26303874]
 [ 0.48223607 -0.66137752 -0.57448073]
 [ 0.5801713  -0.25023739  0.77510148]]"
50,"[[-0.65691794 -0.70538984  0.2662405 ]
 [ 0.47962382 -0.66342891 -0.57430225]
 [ 0.58173862 -0.24957417  0.77414013]]"
51,"[[-0.65719916 -0.70391627  0.26942739]
 [ 0.47728789 -0.6653311  -0.57404769]
 [ 0.58333995 -0.24866921  0.77322566]]"
52,"[[-0.6574252  -0.70243152  0.27273083]
 [ 0.47465079 -0.66715128 -0.57412179]
 [ 0.58523394 -0.24799025  0.77201184]]"
53,"[[-0.65733695 -0.70192321  0.27424797]
 [ 0.47362983 -0.66786483 -0.57413532]
 [ 0.58615948 -0.24750835  0.77146404]]"
54,"[[-0.65745427 -0.70035203  0.27795854]
 [ 0.47053997 -0.6697298  -0.57450341]
 [ 0.58851173 -0.24691913  0.76986041]]"
55,"[[-0.65775219 -0.69856917  0.28171473]
 [ 0.46771981 -0.67195451 -0.57420843]
 [ 0.59042379 -0.24592329  0.7687142 ]]"
56,"[[-0.65805741 -0.69713163  0.28454863]
 [ 0.4655466  -0.67370928 -0.57391824]
 [ 0.59179962 -0.24520049  0.76788659]]"
57,"[[-0.65807315 -0.69555649  0.28834152]
 [ 0.46270382 -0.67567873 -0.57390188]
 [ 0.59400744 -0.24425266  0.76648253]]"
58,"[[-0.65863134 -0.6944525   0.28972499]
 [ 0.46147107 -0.67690839 -0.57344535]
 [ 0.59434779 -0.24398942  0.76630304]]"
59,"[[-0.65846554 -0.69306982  0.2933894 ]
 [ 0.45897408 -0.67873993 -0.57328431]
 [ 0.59646116 -0.24282982  0.76502791]]"
60,"[[-0.65898351 -0.69102768  0.29702119]
 [ 0.45603207 -0.68110207 -0.57283053]
 [ 0.59814345 -0.24203474  0.76396608]]"
61,"[[-0.65941769 -0.68931865  0.30001358]
 [ 0.45401702 -0.6832303  -0.57189591]
 [ 0.59919686 -0.24090702  0.76349662]]"
62,"[[-0.65925486 -0.68781788  0.30379189]
 [ 0.45099433 -0.68498643 -0.57218671]
 [ 0.60165361 -0.24020841  0.7617824 ]]"
63,"[[-0.65935452 -0.68705619  0.30529556]
 [ 0.44967812 -0.68581803 -0.57222653]
 [ 0.60252899 -0.2400154   0.76115129]]"
64,"[[-0.65937816 -0.68530358  0.30915927]
 [ 0.44631315 -0.68772948 -0.57256681]
 [ 0.60500002 -0.23955621  0.75933382]]"
65,"[[-0.65986334 -0.68333349  0.31246713]
 [ 0.44308896 -0.68973133 -0.57266295]
 [ 0.60683814 -0.23942854  0.7579059 ]]"
66,"[[-0.65994201 -0.68182103  0.31558939]
 [ 0.4407488  -0.69151176 -0.5723216 ]
 [ 0.60845466 -0.23860344  0.75686956]]"
67,"[[-0.66004388 -0.68098486  0.31717774]
 [ 0.43927968 -0.69237674 -0.57240529]
 [ 0.60940582 -0.23848288  0.75614186]]"
68,"[[-0.65997671 -0.67935995  0.32078156]
 [ 0.43629538 -0.69417562 -0.57250899]
 [ 0.61161842 -0.23788709  0.75454135]]"
69,"[[-0.66006322 -0.67775586  0.32398061]
 [ 0.43348812 -0.69587549 -0.57257773]
 [ 0.61351812 -0.23749569  0.75312066]]"
70,"[[-0.66023426 -0.67582256  0.32765007]
 [ 0.43043112 -0.69797649 -0.57232669]
 [ 0.61548335 -0.23683889  0.75172299]]"
71,"[[-0.65966955 -0.67469998  0.33108309]
 [ 0.42778609 -0.69928991 -0.57270645]
 [ 0.6179281  -0.23616426  0.74992751]]"
72,"[[-0.65972173 -0.67359747  0.33321711]
 [ 0.42589599 -0.70043529 -0.57271544]
 [ 0.61917671 -0.23591697  0.74897476]]"
73,"[[-0.65932769 -0.67238896  0.3364225 ]
 [ 0.42357505 -0.70187705 -0.57267164]
 [ 0.62118532 -0.23507811  0.74757422]]"
74,"[[-0.65909393 -0.67080614  0.34002114]
 [ 0.42070679 -0.7036244  -0.57264172]
 [ 0.62337873 -0.23437551  0.74596742]]"
75,"[[-0.65941753 -0.66877094  0.34338598]
 [ 0.41753397 -0.70564052 -0.57248303]
 [ 0.62516708 -0.23413002  0.74454626]]"
76,"[[-0.65898448 -0.66749878  0.34667673]
 [ 0.41533923 -0.70719986 -0.57215524]
 [ 0.62708269 -0.23305294  0.74327199]]"
77,"[[-0.65926104 -0.66631762  0.34841879]
 [ 0.41350776 -0.70829499 -0.57212716]
 [ 0.62800171 -0.23310724  0.74247867]]"
78,"[[-0.6590073  -0.66480468  0.35177295]
 [ 0.41103172 -0.71000421 -0.57179281]
 [ 0.62989078 -0.23222584  0.74115398]]"
79,"[[-0.65883311 -0.66315895  0.35518879]
 [ 0.40803107 -0.71166659 -0.57187521]
 [ 0.63202018 -0.23184223  0.73945882]]"
80,"[[-0.65891657 -0.66113005  0.35879803]
 [ 0.40513724 -0.71380793 -0.57126357]
 [ 0.63379238 -0.23105259  0.7381883 ]]"
81,"[[-0.6584406  -0.65979557  0.36211297]
 [ 0.40243432 -0.71521488 -0.5714143 ]
 [ 0.6360052  -0.2305157   0.73645095]]"
82,"[[-0.65858195 -0.65853739  0.36414061]
 [ 0.400658   -0.71647084 -0.57108911]
 [ 0.63697963 -0.23021317  0.73570321]]"
83,"[[-0.65842472 -0.65678119  0.36758047]
 [ 0.39779358 -0.71826765 -0.57083437]
 [ 0.63893442 -0.22963032  0.73418861]]"
84,"[[-0.65773088 -0.65549195  0.37110689]
 [ 0.39545271 -0.7198055  -0.57052357]
 [ 0.64109842 -0.22849572  0.73265423]]"
85,"[[-0.65793202 -0.65320998  0.37475609]
 [ 0.39213695 -0.72200664 -0.57003068]
 [ 0.64292614 -0.2280857   0.73117893]]"
86,"[[-0.65768632 -0.65248698  0.37644312]
 [ 0.3909418  -0.72281253 -0.56983028]
 [ 0.64390465 -0.22760223  0.73046833]]"
87,"[[-0.65785331 -0.65034744  0.37983847]
 [ 0.38791782 -0.72487996 -0.56927044]
 [ 0.64556086 -0.22715035  0.72914611]]"
88,"[[-0.65732304 -0.64878937  0.38340427]
 [ 0.38549875 -0.72663229 -0.56867942]
 [ 0.64754706 -0.22600425  0.72773979]]"
89,"[[-0.65692542 -0.64698399  0.38711847]
 [ 0.38239474 -0.72842082 -0.56848691]
 [ 0.64978709 -0.22542144  0.72592145]]"
90,"[[-0.65680674 -0.64506291  0.39051084]
 [ 0.37930103 -0.73021818 -0.56825358]
 [ 0.65171743 -0.22511161  0.7242852 ]]"
91,"[[-0.65658148 -0.64410488  0.39246615]
 [ 0.37798813 -0.73126838 -0.56777772]
 [ 0.65270648 -0.22444479  0.72360129]]"
92,"[[-0.65630556 -0.64231912  0.39583985]
 [ 0.37526176 -0.73304113 -0.56730004]
 [ 0.65455455 -0.22377863  0.72213685]]"
93,"[[-0.655496   -0.64097271  0.39934812]
 [ 0.372794   -0.73451459 -0.56702108]
 [ 0.65677208 -0.22280544  0.720422  ]]"
94,"[[-0.65512816 -0.63894091  0.40318941]
 [ 0.36958013 -0.73647343 -0.56658404]
 [ 0.65895197 -0.22217441  0.71862456]]"
95,"[[-0.65508455 -0.63697226  0.40636263]
 [ 0.36660011 -0.73824571 -0.56621342]
 [ 0.66065771 -0.22194509  0.71712749]]"
96,"[[-0.65450259 -0.63653483  0.40798258]
 [ 0.36564522 -0.7388051  -0.56610123]
 [ 0.66176276 -0.22133785  0.71629581]]"
97,"[[-0.6542483  -0.63448394  0.4115693 ]
 [ 0.362358   -0.74065781 -0.56579385]
 [ 0.66381914 -0.22103423  0.71448443]]"
98,"[[-0.6537263  -0.63311365  0.41449855]
 [ 0.36003045 -0.7419989  -0.56552252]
 [ 0.66559749 -0.22046485  0.71300442]]"
99,"[[-0.65338705 -0.63143441  0.41758344]
 [ 0.35740651 -0.74356594 -0.56512854]
 [ 0.66734243 -0.22000062  0.71151508]]"
100,"[[-0.65311387 -0.6295004   0.42091744]
 [ 0.35436455 -0.74529243 -0.56476981]
 [ 0.66922941 -0.21970075  0.70983334]]"
101,"[[-0.6528114  -0.62879289  0.42244138]
 [ 0.35343376 -0.74606735 -0.56432973]
 [ 0.67001626 -0.2190958   0.70927775]]"
102,"[[-0.65280403 -0.62655468  0.42576552]
 [ 0.35013295 -0.7479699  -0.56386882]
 [ 0.67175439 -0.21902137  0.70765557]]"
103,"[[-0.65160517 -0.62568354  0.42887155]
 [ 0.34817387 -0.74899665 -0.56371888]
 [ 0.67393298 -0.21800027  0.70589677]]"
104,"[[-0.65131665 -0.62379599  0.43204762]
 [ 0.34534025 -0.75067471 -0.56322958]
 [ 0.67566759 -0.21763736  0.70434872]]"
105,"[[-0.65103951 -0.62180411  0.43532427]
 [ 0.34254391 -0.75247706 -0.56253172]
 [ 0.67735606 -0.21711271  0.70288753]]"
106,"[[-0.65031063 -0.62153207  0.43679963]
 [ 0.34163187 -0.75283704 -0.56260468]
 [ 0.67851581 -0.21664311  0.70191299]]"
107,"[[-0.65017078 -0.61962546  0.43970686]
 [ 0.33868917 -0.75440267 -0.56228655]
 [ 0.68012314 -0.21665827  0.70035071]]"
108,"[[-0.64880776 -0.61841108  0.44341425]
 [ 0.3363588  -0.75575978 -0.56186288]
 [ 0.68257689 -0.21539469  0.69835074]]"
109,"[[-0.64791909 -0.61701469  0.44664712]
 [ 0.33392326 -0.75710886 -0.56149923]
 [ 0.68461379 -0.21466018  0.69658069]]"
110,"[[-0.64792768 -0.61452237  0.45005766]
 [ 0.33048182 -0.75914717 -0.56078274]
 [ 0.68627357 -0.21461074  0.69496075]]"
111,"[[-0.64665892 -0.61335738  0.45345885]
 [ 0.32823892 -0.76038469 -0.56042333]
 [ 0.68854296 -0.21355988  0.6930372 ]]"
112,"[[-0.64650554 -0.61208205  0.45539665]
 [ 0.32628587 -0.76141045 -0.56017107]
 [ 0.68961444 -0.21356418  0.69196971]]"
113,"[[-0.64501442 -0.61115939  0.45873822]
 [ 0.32415757 -0.76244829 -0.55999516]
 [ 0.69201042 -0.21250156  0.68990244]]"
114,"[[-0.6447183  -0.60873032  0.4623697 ]
 [ 0.32103886 -0.76455397 -0.55891976]
 [ 0.69373798 -0.21190717  0.68834808]]"
115,"[[-0.64433412 -0.60641659  0.4659318 ]
 [ 0.31791011 -0.76652531 -0.55800726]
 [ 0.69553338 -0.21141867  0.68668432]]"
116,"[[-0.64310632 -0.60515885  0.46925152]
 [ 0.31565681 -0.76778682 -0.55755192]
 [ 0.69769263 -0.21044271  0.68479098]]"
117,"[[-0.64302695 -0.60402307  0.47082111]
 [ 0.31426931 -0.76874374 -0.55701696]
 [ 0.69839186 -0.21021231  0.68414896]]"
118,"[[-0.64208748 -0.60219958  0.47442519]
 [ 0.3114412  -0.77037505 -0.55635117]
 [ 0.70051979 -0.20947053  0.68219776]]"
119,"[[-0.6412079  -0.60024901  0.47807263]
 [ 0.30870856 -0.7721435  -0.55542179]
 [ 0.70253209 -0.20855567  0.68040626]]"
120,"[[-0.64054557 -0.59817732  0.48154473]
 [ 0.30585662 -0.77392235 -0.55452318]
 [ 0.7043814  -0.20791375  0.67868916]]"
121,"[[-0.63933797 -0.59648633  0.48523299]
 [ 0.30299001 -0.77542533 -0.55399697]
 [ 0.70671356 -0.20717057  0.67648835]]"
122,"[[-0.63933557 -0.59508957  0.48694805]
 [ 0.30136934 -0.77654235 -0.55331589]
 [ 0.70740831 -0.2070033   0.67581281]]"
123,"[[-0.63855319 -0.59293317  0.49059162]
 [ 0.2987803  -0.77848385 -0.55199029]
 [ 0.70921098 -0.20589608  0.67426026]]"
124,"[[-0.63701438 -0.59140632  0.49442012]
 [ 0.2957168  -0.77980729 -0.55177185]
 [ 0.71187377 -0.20527827  0.67163727]]"
125,"[[-0.636352   -0.58901436  0.49811454]
 [ 0.29276629 -0.781827   -0.55048558]
 [ 0.71368334 -0.2044714   0.66996045]]"
126,"[[-0.63559258 -0.58835339  0.49986232]
 [ 0.29134854 -0.78239027 -0.55043754]
 [ 0.71493921 -0.20421984  0.66869728]]"
127,"[[-0.63457249 -0.58608101  0.50381221]
 [ 0.2887099  -0.78444671 -0.54889883]
 [ 0.71691303 -0.2028605   0.66699554]]"
128,"[[-0.63369134 -0.5843448   0.50692846]
 [ 0.28607461 -0.78585749 -0.5482603 ]
 [ 0.71874657 -0.20240846  0.66515738]]"
129,"[[-0.63289168 -0.58210537  0.51049143]
 [ 0.28327895 -0.78772524 -0.54703017]
 [ 0.72055617 -0.20159938  0.66344302]]"
130,"[[-0.63227301 -0.5813268   0.51214258]
 [ 0.28228983 -0.78846632 -0.54647355]
 [ 0.72148689 -0.20094785  0.6626287 ]]"
131,"[[-0.63139277 -0.57950536  0.5152832 ]
 [ 0.27995695 -0.79001414 -0.54543726]
 [ 0.7231648  -0.20012806  0.66104592]]"
132,"[[-0.6312046  -0.57707575  0.51823191]
 [ 0.27737487 -0.79191685 -0.54399529]
 [ 0.72432308 -0.19962782  0.65992784]]"
133,"[[-0.62985611 -0.57544529  0.52167427]
 [ 0.27499079 -0.79335385 -0.54311118]
 [ 0.72640305 -0.1986263   0.65794103]]"
134,"[[-0.62964613 -0.57436399  0.52311737]
 [ 0.27377864 -0.79420589 -0.54247791]
 [ 0.72704266 -0.19835076  0.6573173 ]]"
135,"[[-0.62809331 -0.57249238  0.5270211 ]
 [ 0.27083452 -0.79577364 -0.54165761]
 [ 0.72948436 -0.19747601  0.65487076]]"
136,"[[-0.62687337 -0.57063311  0.53047878]
 [ 0.26804328 -0.79726063 -0.54085889]
 [ 0.73156181 -0.19685881  0.65273606]]"
137,"[[-0.62600039 -0.56854889  0.53373745]
 [ 0.26555061 -0.79894575 -0.53960037]
 [ 0.73321646 -0.19605573  0.6511188 ]]"
138,"[[-0.62594869 -0.56642063  0.53605594]
 [ 0.26372332 -0.80061593 -0.53801875]
 [ 0.73391983 -0.19540171  0.65052301]]"
139,"[[-0.62759691 -0.56440598  0.53625364]
 [ 0.26340775 -0.80211007 -0.5359438 ]
 [ 0.73262434 -0.19510329  0.65207059]]"
140,"[[-0.62914952 -0.56314296  0.53576198]
 [ 0.2636086  -0.80301158 -0.53449313]
 [ 0.73121912 -0.19504463  0.65366371]]"
141,"[[-0.62916141 -0.56164039  0.53732293]
 [ 0.26241612 -0.80418601 -0.53331286]
 [ 0.73163764 -0.19453764  0.65334615]]"
142,"[[-0.63024478 -0.55988839  0.53788149]
 [ 0.26150251 -0.8053932  -0.53193818]
 [ 0.73103211 -0.19459389  0.65400704]]"
143,"[[-0.62990804 -0.55907094  0.53912477]
 [ 0.26092755 -0.80613561 -0.53109527]
 [ 0.73152761 -0.19386865  0.65366823]]"
144,"[[-0.63014582 -0.55968852  0.53820541]
 [ 0.26134786 -0.80557566 -0.53173789]
 [ 0.73117276 -0.1944136   0.65390367]]"
145,"[[-0.62976711 -0.55973691  0.5385982 ]
 [ 0.261414   -0.80564474 -0.53160069]
 [ 0.73147532 -0.19398753  0.6536917 ]]"
146,"[[-0.63016584 -0.55946602  0.53841327]
 [ 0.26127566 -0.80577094 -0.53147742]
 [ 0.73118131 -0.19424466  0.6539443 ]]"
147,"[[-0.63018972 -0.55949147  0.53835878]
 [ 0.26104033 -0.80567696 -0.53173543]
 [ 0.73124471 -0.19456083  0.6537791 ]]"
148,"[[-0.62996818 -0.55997202  0.53811845]
 [ 0.26125686 -0.80531793 -0.53217282]
 [ 0.73135831 -0.19466482  0.65362128]]"
149,"[[-0.63001558 -0.56029266  0.53772898]
 [ 0.26129829 -0.80499909 -0.53263461]
 [ 0.73130262 -0.19506042  0.65356536]]"
150,"[[-0.62993389 -0.56024686  0.53787246]
 [ 0.26130251 -0.80506716 -0.5325297 ]
 [ 0.73137154 -0.1949111   0.65353307]]"
151,"[[-0.63017881 -0.55973696  0.53811639]
 [ 0.26099374 -0.80542482 -0.53214016]
 [ 0.7312708  -0.19489847  0.65364961]]"
152,"[[-0.6301981  -0.5593375   0.53850892]
 [ 0.26058548 -0.80570572 -0.5319149 ]
 [ 0.73139969 -0.19488412  0.65350931]]"
153,"[[-0.63014656 -0.55940927  0.53849472]
 [ 0.26075416 -0.80569333 -0.53185103]
 [ 0.73138401 -0.19472934  0.65357313]]"
154,"[[-0.63015719 -0.55951848  0.53836878]
 [ 0.26067849 -0.80556247 -0.53208629]
 [ 0.7314018  -0.19495682  0.65348532]]"
155,"[[-0.63019517 -0.55997542  0.53784909]
 [ 0.26087396 -0.80515258 -0.53261068]
 [ 0.73129946 -0.19533788  0.65348644]]"
156,"[[-0.63010241 -0.55999401  0.53793838]
 [ 0.26079795 -0.8051384  -0.53266932]
 [ 0.73140646 -0.19534301  0.65336501]]"
157,"[[-0.63026842 -0.55977826  0.53796842]
 [ 0.26060971 -0.80525779 -0.53258095]
 [ 0.7313305  -0.19546916  0.65341221]]"
158,"[[-0.63039866 -0.55945269  0.53815448]
 [ 0.26048176 -0.80551133 -0.53226005]
 [ 0.73126384 -0.1953566   0.65352052]]"
159,"[[-0.63042577 -0.55923994  0.53834373]
 [ 0.26038966 -0.80568988 -0.53203478]
 [ 0.73127321 -0.19522926  0.6535478 ]]"
160,"[[-0.63032214 -0.55931483  0.53838735]
 [ 0.26050353 -0.80567362 -0.5320037 ]
 [ 0.73132204 -0.19508191  0.65353742]]"
161,"[[-0.63024618 -0.55948969  0.53829453]
 [ 0.2605784  -0.80554077 -0.53216815]
 [ 0.7313608  -0.19512901  0.65347985]]"
162,"[[-0.63027601 -0.55972166  0.53801839]
 [ 0.26080002 -0.80536263 -0.5323292 ]
 [ 0.7312561  -0.19519911  0.65357612]]"
163,"[[-0.63032522 -0.55973647  0.53794528]
 [ 0.2607108  -0.80531112 -0.53245078]
 [ 0.73124546 -0.19536898  0.65353708]]"
164,"[[-0.63042096 -0.55959972  0.53797547]
 [ 0.26054466 -0.80537678 -0.53243286]
 [ 0.73122221 -0.19549022  0.65352723]]"
165,"[[-0.63039862 -0.55926082  0.53835383]
 [ 0.26023006 -0.80563379 -0.53219779]
 [ 0.73135342 -0.19540088  0.65340675]]"
166,"[[-0.63059684 -0.55898765  0.53840543]
 [ 0.26022728 -0.80585068 -0.53187069]
 [ 0.73118354 -0.19528818  0.65363066]]"
167,"[[-0.63048213 -0.55913414  0.53838768]
 [ 0.26020511 -0.8057303  -0.53206389]
 [ 0.73129035 -0.19536555  0.65348811]]"
168,"[[-0.63045717 -0.55915822  0.53839205]
 [ 0.26015838 -0.80570065 -0.53213171]
 [ 0.73132861 -0.19541912  0.65342981]]"
169,"[[-0.63053173 -0.55930647  0.5381505 ]
 [ 0.26022396 -0.80555183 -0.53232483]
 [ 0.73124085 -0.19560802  0.65347084]]"
170,"[[-0.63053339 -0.55934858  0.53810482]
 [ 0.26021449 -0.8055072  -0.53239699]
 [ 0.73124281 -0.1956714   0.65344976]]"
171,"[[-0.6306245  -0.55918893  0.53816398]
 [ 0.25998196 -0.80557878 -0.53240229]
 [ 0.73124696 -0.195833    0.65339673]]"
172,"[[-0.6308369  -0.55884588  0.53827145]
 [ 0.25980855 -0.80581535 -0.5321289 ]
 [ 0.73112542 -0.19583905  0.65353115]]"
173,"[[-0.63075178 -0.55887359  0.53834235]
 [ 0.25978336 -0.80580373 -0.53215876]
 [ 0.73120775 -0.19580768  0.65344814]]"
174,"[[-0.63064648 -0.55901417  0.53831976]
 [ 0.25977    -0.80568905 -0.5323389 ]
 [ 0.73130332 -0.19587833  0.65332004]]"
175,"[[-0.63078002 -0.55892518  0.53825573]
 [ 0.25980997 -0.80575238 -0.53222354]
 [ 0.73117397 -0.19587178  0.65346689]]"
176,"[[-0.63059242 -0.5593161   0.53806943]
 [ 0.25994621 -0.80545187 -0.53261174]
 [ 0.73128734 -0.19599182  0.65330397]]"
177,"[[-0.63093406 -0.5590147   0.53798203]
 [ 0.25989144 -0.80564479 -0.53234655]
 [ 0.731012   -0.1960586   0.65359164]]"
178,"[[-0.63072997 -0.55924635  0.5379808 ]
 [ 0.25982367 -0.80545157 -0.53267202]
 [ 0.73121233 -0.19619211  0.65332815]]"
179,"[[-0.63073432 -0.55913194  0.53809446]
 [ 0.25973002 -0.80553851 -0.53258615]
 [ 0.73124175 -0.19616106  0.65330405]]"
180,"[[-0.63099304 -0.55873466  0.53820375]
 [ 0.25956939 -0.80581978 -0.53223882]
 [ 0.73107553 -0.19613773  0.65349687]]"
181,"[[-0.63072698 -0.55912558  0.53810966]
 [ 0.25967798 -0.80553279 -0.53262017]
 [ 0.73126655 -0.19620266  0.65326373]]"
182,"[[-0.63084211 -0.5590782   0.53802396]
 [ 0.25970738 -0.80555701 -0.53256922]
 [ 0.73115682 -0.19623829  0.65337598]]"
183,"[[-0.63071602 -0.55921348  0.53803117]
 [ 0.25976523 -0.8054721  -0.5326694 ]
 [ 0.73124502 -0.1962013   0.65328826]]"
184,"[[-0.63074206 -0.55925035  0.53796235]
 [ 0.25963189 -0.80539288 -0.53285419]
 [ 0.73126994 -0.19642136  0.65319438]]"
185,"[[-0.63109952 -0.55875532  0.53805747]
 [ 0.25933845 -0.80570904 -0.532519  ]
 [ 0.7310656  -0.19653348  0.65338921]]"
186,"[[-0.63089814 -0.55889028  0.53815357]
 [ 0.25934836 -0.80563173 -0.53263118]
 [ 0.73123596 -0.19646681  0.653219  ]]"
187,"[[-0.63108741 -0.55867837  0.5381515 ]
 [ 0.25922978 -0.80575918 -0.53249602]
 [ 0.73111455 -0.19654659  0.65333027]]"
188,"[[-0.63093535 -0.55890138  0.53809838]
 [ 0.25934063 -0.80560876 -0.53266967]
 [ 0.73120658 -0.19652937  0.65323296]]"
189,"[[-0.63095872 -0.55914696  0.53781584]
 [ 0.25940512 -0.80537666 -0.5329892 ]
 [ 0.73116358 -0.19678205  0.65320526]]"
190,"[[-0.63126193 -0.55884996  0.53776866]
 [ 0.25931677 -0.80556625 -0.53274558]
 [ 0.73093312 -0.19684958  0.65344253]]"
191,"[[-0.63117    -0.55882525  0.53790225]
 [ 0.25916831 -0.80557527 -0.53280418]
 [ 0.73106517 -0.19688282  0.65328487]]"
192,"[[-0.63114533 -0.55893345  0.5378189 ]
 [ 0.25930262 -0.80551087 -0.53283627]
 [ 0.73103893 -0.19683937  0.65332783]]"
193,"[[-0.63110089 -0.55885873  0.53794845]
 [ 0.25934808 -0.80560889 -0.5326658 ]
 [ 0.731061   -0.19664994  0.65335931]]"
194,"[[-0.6311177  -0.55889166  0.53789448]
 [ 0.25944535 -0.80559796 -0.53263494]
 [ 0.73101195 -0.19660108  0.65342877]]"
195,"[[-0.63115312 -0.55896651  0.53777519]
 [ 0.25935716 -0.80549067 -0.53284016]
 [ 0.73101271 -0.19682787  0.65335985]]"
196,"[[-0.63121531 -0.55903852  0.53762737]
 [ 0.25933145 -0.80539578 -0.53299611]
 [ 0.73096816 -0.19701163  0.65335446]]"
197,"[[-0.6313772  -0.55889684  0.53758463]
 [ 0.25932134 -0.80549026 -0.53285825]
 [ 0.73083196 -0.19702742  0.65350225]]"
198,"[[-0.63122025 -0.55898086  0.5376815 ]
 [ 0.2592091  -0.80541864 -0.53302107]
 [ 0.73100728 -0.19708175  0.65328947]]"
199,"[[-0.63148716 -0.55886984  0.53748346]
 [ 0.25938217 -0.80550402 -0.53280782]
 [ 0.7307153  -0.19704767  0.65362629]]"
200,"[[-0.6314488  -0.55876111  0.53764154]
 [ 0.2591877  -0.80556959 -0.53280331]
 [ 0.73081745 -0.19708793  0.65349993]]"
201,"[[-0.63145657 -0.55881312  0.53757838]
 [ 0.2591539  -0.80550685 -0.53291462]
 [ 0.73082274 -0.19719692  0.65346126]]"
202,"[[-0.63151328 -0.55892899  0.53739129]
 [ 0.25915205 -0.80537627 -0.53311285]
 [ 0.73077441 -0.19740182  0.65345352]]"
203,"[[-0.63156061 -0.55888701  0.5373793 ]
 [ 0.25912537 -0.80539801 -0.53309294]
 [ 0.73074294 -0.19743189  0.65347948]]"
204,"[[-0.63155075 -0.55886471  0.53741409]
 [ 0.25886798 -0.80535321 -0.53328565]
 [ 0.73084269 -0.19767766  0.65329364]]"
205,"[[-0.6318343  -0.55841995  0.53754306]
 [ 0.25865208 -0.80565985 -0.5329271 ]
 [ 0.730674   -0.19768498  0.65347992]]"
206,"[[-0.63151595 -0.5587595   0.53756433]
 [ 0.25885992 -0.80546472 -0.53312111]
 [ 0.73087559 -0.19752062  0.65330421]]"
207,"[[-0.63184098 -0.5585205   0.53743077]
 [ 0.25862541 -0.80555114 -0.53310437]
 [ 0.73067769 -0.19784394  0.65342783]]"
208,"[[-0.63171351 -0.55877369  0.53731745]
 [ 0.25881258 -0.80538484 -0.53326479]
 [ 0.73072165 -0.19780608  0.65339027]]"
209,"[[-0.63177627 -0.55875605  0.53726193]
 [ 0.25881999 -0.80538747 -0.53325717]
 [ 0.73066471 -0.19784508  0.65344184]]"
210,"[[-0.63199071 -0.55853206  0.5372427 ]
 [ 0.25878355 -0.80554228 -0.53304103]
 [ 0.7304922  -0.19784743  0.65363426]]"
211,"[[-0.63195799 -0.55877849  0.53702489]
 [ 0.25878403 -0.80530657 -0.53339682]
 [ 0.73052033 -0.19811094  0.65352296]]"
212,"[[-0.63228331 -0.55838192  0.53705439]
 [ 0.25835553 -0.80549639 -0.53331789]
 [ 0.73039045 -0.19845702  0.65356289]]"
213,"[[-0.6320345  -0.55851514  0.53720865]
 [ 0.2584788  -0.80546464 -0.53330607]
 [ 0.73056212 -0.19821075  0.65344555]]"
214,"[[-0.63217942 -0.55852974  0.53702296]
 [ 0.25858031 -0.80543866 -0.53329614]
 [ 0.73040082 -0.19827526  0.65360641]]"
215,"[[-0.63223158 -0.55853043  0.53696084]
 [ 0.25853753 -0.80541229 -0.5333567 ]
 [ 0.73037081 -0.1983804   0.65360804]]"
216,"[[-0.6322641  -0.55853847  0.5369143 ]
 [ 0.25861857 -0.80541757 -0.53330949]
 [ 0.73031405 -0.19833647  0.65368523]]"
217,"[[-0.63254314 -0.55825184  0.53688361]
 [ 0.25838983 -0.80556475 -0.533198  ]
 [ 0.73015329 -0.19854545  0.65380092]]"
218,"[[-0.63240254 -0.55839031  0.5369053 ]
 [ 0.25844998 -0.80548155 -0.53329455]
 [ 0.73025382 -0.19849367  0.65370455]]"
219,"[[-0.6324608  -0.5584623   0.53676178]
 [ 0.25841241 -0.80538407 -0.53345996]
 [ 0.73021666 -0.19868662  0.65368747]]"
220,"[[-0.63246161 -0.55841709  0.53680776]
 [ 0.25841075 -0.80542829 -0.53339395]
 [ 0.73021648 -0.19863425  0.65370322]]"
221,"[[-0.63260466 -0.55840409  0.53665273]
 [ 0.25823765 -0.80535539 -0.53358784]
 [ 0.73015381 -0.19896618  0.65367238]]"
222,"[[-0.63282748 -0.55818881  0.53661416]
 [ 0.25812126 -0.80547735 -0.53346013]
 [ 0.730002   -0.19907676  0.65380889]]"
223,"[[-0.63275324 -0.55837257  0.53651041]
 [ 0.25810061 -0.80530908 -0.53372404]
 [ 0.73007357 -0.19924195  0.65367824]]"
224,"[[-0.63281664 -0.55836652  0.53644186]
 [ 0.2580445  -0.80528255 -0.53379119]
 [ 0.73003841 -0.19936605  0.65367949]]"
225,"[[-0.63273383 -0.55844313  0.53645982]
 [ 0.25804877 -0.80522999 -0.53386841]
 [ 0.73010868 -0.19936379  0.65360172]]"
226,"[[-0.63289551 -0.55833497  0.53638164]
 [ 0.2578682  -0.80524432 -0.53393402]
 [ 0.73003232 -0.19960864  0.65361218]]"
227,"[[-0.6331665  -0.55797413  0.53643733]
 [ 0.25763855 -0.80546684 -0.53370922]
 [ 0.72987843 -0.19971985  0.65375019]]"
228,"[[-0.63288687 -0.5582791   0.53645014]
 [ 0.25781488 -0.80528775 -0.53389436]
 [ 0.73005876 -0.19958994  0.65358892]]"
229,"[[-0.63292357 -0.55833122  0.53635255]
 [ 0.25783909 -0.80523248 -0.53396599]
 [ 0.73001837 -0.19966704  0.65361037]]"
230,"[[-0.63291197 -0.55835177  0.53634478]
 [ 0.25792096 -0.80523756 -0.53391876]
 [ 0.72999945 -0.19958901  0.65365508]]"
231,"[[-0.63291579 -0.5582424   0.5364542 ]
 [ 0.25765512 -0.8052727  -0.53399416]
 [ 0.73009008 -0.1997532   0.65350402]]"
232,"[[-0.63309621 -0.55807751  0.53641274]
 [ 0.25757211 -0.80536493 -0.53389504]
 [ 0.72996284 -0.19984194  0.65361857]]"
233,"[[-0.63297851 -0.55825518  0.53636684]
 [ 0.25765795 -0.80524366 -0.53403656]
 [ 0.73003466 -0.19983449  0.65354086]]"
234,"[[-0.63306659 -0.55809204  0.5364326 ]
 [ 0.25752272 -0.80534502 -0.53394891]
 [ 0.73000597 -0.19988162  0.65355833]]"
235,"[[-0.63289301 -0.55821164  0.53651304]
 [ 0.25757019 -0.80528628 -0.53401462]
 [ 0.73013976 -0.19978437  0.65343881]]"
236,"[[-0.63296497 -0.55831395  0.53632165]
 [ 0.25771423 -0.80520423 -0.53406886]
 [ 0.73002655 -0.19982918  0.65355159]]"
237,"[[-0.63322287 -0.5581103   0.53622912]
 [ 0.25770697 -0.8053347  -0.53387557]
 [ 0.72980538 -0.19987223  0.65378518]]"
238,"[[-0.63304029 -0.5582502   0.53629907]
 [ 0.25767059 -0.80523522 -0.53404317]
 [ 0.72997661 -0.19988235  0.65359098]]"
239,"[[-0.63308499 -0.55825224  0.53624423]
 [ 0.25755668 -0.8051898  -0.5341666 ]
 [ 0.72997807 -0.2000596   0.65353528]]"
240,"[[-0.63315758 -0.55819224  0.5362209 ]
 [ 0.25745501 -0.80520185 -0.53419742]
 [ 0.72995092 -0.20017837  0.65352895]]"
241,"[[-0.63308703 -0.55819074  0.53630578]
 [ 0.25730139 -0.8051805  -0.53430361]
 [ 0.73006629 -0.20026846  0.65337252]]"
242,"[[-0.63317995 -0.55810513  0.53628518]
 [ 0.25734386 -0.80525204 -0.53417532]
 [ 0.72997073 -0.20021939  0.65349432]]"
243,"[[-0.63310166 -0.55827486  0.53620089]
 [ 0.25739219 -0.80511758 -0.53435467]
 [ 0.73002156 -0.20028688  0.65341671]]"
244,"[[-0.63322311 -0.55833838  0.53599136]
 [ 0.25744518 -0.80503558 -0.53445269]
 [ 0.72989757 -0.2004394   0.65350863]]"
245,"[[-0.63319941 -0.55826317  0.53609762]
 [ 0.25728432 -0.80507286 -0.53447396]
 [ 0.7299748  -0.20049905  0.65340382]]"
246,"[[-0.63329753 -0.55822274  0.53602395]
 [ 0.25738531 -0.80511408 -0.53436332]
 [ 0.72985417 -0.20044631  0.65355525]]"
247,"[[-0.63346279 -0.5579759   0.53608562]
 [ 0.25715365 -0.8052512  -0.53426819]
 [ 0.72979236 -0.20058265  0.65358222]]"
248,"[[-0.63333794 -0.55813459  0.53606791]
 [ 0.25719527 -0.80513866 -0.53441773]
 [ 0.72988603 -0.20059288  0.65347436]]"
249,"[[-0.63341015 -0.55811717  0.53600086]
 [ 0.25699313 -0.80508067 -0.53460238]
 [ 0.72989467 -0.20087409  0.65337883]]"
250,"[[-0.63340234 -0.55812547  0.53600137]
 [ 0.25710058 -0.80510407 -0.53451542]
 [ 0.72986355 -0.20075708  0.65344928]]"
251,"[[-0.63337049 -0.55811166  0.5360533 ]
 [ 0.25688362 -0.80506687 -0.53467571]
 [ 0.72996752 -0.20094448  0.65327521]]"
252,"[[-0.6334706  -0.55809955  0.53594767]
 [ 0.25675371 -0.80501567 -0.53481521]
 [ 0.7299264  -0.20118316  0.65324793]]"
253,"[[-0.63338701 -0.55808697  0.53605953]
 [ 0.25675077 -0.80505039 -0.53476435]
 [ 0.72999996 -0.20107909  0.65319769]]"
254,"[[-0.63357559 -0.55785129  0.53608202]
 [ 0.25666651 -0.80521043 -0.53456381]
 [ 0.72986594 -0.20109229  0.65334346]]"
255,"[[-0.63350235 -0.55812961  0.53587883]
 [ 0.25671647 -0.80496667 -0.53490683]
 [ 0.72991194 -0.20129581  0.65322934]]"
256,"[[-0.63351793 -0.55806356  0.53592923]
 [ 0.25663812 -0.80500671 -0.53488419]
 [ 0.72992598 -0.20131887  0.65320667]]"
257,"[[-0.63348601 -0.55807094  0.53595934]
 [ 0.25657978 -0.80499205 -0.53493427]
 [ 0.72997425 -0.2013571   0.65314121]]"
258,"[[-0.63361074 -0.55803285  0.53585142]
 [ 0.25663371 -0.80501057 -0.53488046]
 [ 0.72984693 -0.20138845  0.65327334]]"
259,"[[-0.6337397  -0.55794154  0.53579406]
 [ 0.25659445 -0.80505537 -0.5348319 ]
 [ 0.7297488  -0.20146245  0.65336036]]"
260,"[[-0.63363346 -0.55799726  0.53586165]
 [ 0.25654332 -0.8050149  -0.53491733]
 [ 0.72985902 -0.2014698   0.65323491]]"
261,"[[-0.63373896 -0.55788835  0.53585031]
 [ 0.25623316 -0.80500886 -0.53507506]
 [ 0.72987638 -0.20179531  0.65311505]]"
262,"[[-0.63378394 -0.55793923  0.53574406]
 [ 0.25634422 -0.80497631 -0.5350708 ]
 [ 0.72979827 -0.20178438  0.65320547]]"
263,"[[-0.6337771  -0.55796821  0.53572197]
 [ 0.25636985 -0.80495635 -0.53508856]
 [ 0.72979521 -0.2017839   0.65320906]]"
264,"[[-0.63370617 -0.55795089  0.53582391]
 [ 0.25618579 -0.80494234 -0.53519777]
 [ 0.72992143 -0.20188763  0.65303591]]"
265,"[[-0.63385291 -0.55785108  0.53575438]
 [ 0.25609893 -0.80497748 -0.53518656]
 [ 0.72982458 -0.20202348  0.65310262]]"
266,"[[-0.63385645 -0.55780757  0.53579545]
 [ 0.25606518 -0.8050106  -0.53515285]
 [ 0.72983332 -0.20201155  0.65309636]]"
267,"[[-0.63384323 -0.55779903  0.53581994]
 [ 0.25611747 -0.80503725 -0.53508772]
 [ 0.72982642 -0.20192888  0.65312948]]"
268,"[[-0.63378461 -0.55786938  0.53581609]
 [ 0.25612646 -0.80498569 -0.53516102]
 [ 0.72987421 -0.20194016  0.65307279]]"
269,"[[-0.63402876 -0.55758655  0.53582155]
 [ 0.25598702 -0.80516202 -0.53496238]
 [ 0.729711   -0.20201815  0.65323073]]"
270,"[[-0.63392162 -0.55766432  0.53586735]
 [ 0.25593372 -0.80509923 -0.53508236]
 [ 0.72982275 -0.20205373  0.65309477]]"
271,"[[-0.6337012  -0.55789709  0.53588573]
 [ 0.2559461  -0.80493111 -0.53532929]
 [ 0.73000978 -0.2020809   0.65287715]]"
272,"[[-0.63209875 -0.5581153   0.53754859]
 [ 0.2545567  -0.80477144 -0.53623113]
 [ 0.73188255 -0.20211444  0.65076704]]"
273,"[[-0.63023298 -0.5582848   0.53955956]
 [ 0.25314733 -0.80472647 -0.53696533]
 [ 0.73397743 -0.20182522  0.64849356]]"
274,"[[-0.62968975 -0.55801394  0.54047319]
 [ 0.2523118  -0.80491465 -0.5370765 ]
 [ 0.73473096 -0.2018238   0.64764001]]"
275,"[[-0.6277814  -0.55817627  0.54252171]
 [ 0.25091153 -0.80488886 -0.53777072]
 [ 0.73684052 -0.20147752  0.64534723]]"
276,"[[-0.62577916 -0.55820215  0.54480342]
 [ 0.2492863  -0.80496048 -0.53841893]
 [ 0.73909183 -0.2011193   0.64287955]]"
277,"[[-0.62498904 -0.55610711  0.54784444]
 [ 0.2467809  -0.80655389 -0.53718711]
 [ 0.74059965 -0.20053849  0.64132385]]"
278,"[[-0.62359006 -0.55479229  0.55076395]
 [ 0.24465807 -0.80763497 -0.53653348]
 [ 0.74248087 -0.19982809  0.63936748]]"
279,"[[-0.62304363 -0.55429274  0.55188428]
 [ 0.24367277 -0.8079991  -0.53643366]
 [ 0.74326327 -0.19974243  0.63848491]]"
280,"[[-0.62243298 -0.55207837  0.55478511]
 [ 0.241619   -0.80975053 -0.53471887]
 [ 0.7444443  -0.19877998  0.63740774]]"
281,"[[-0.62183166 -0.54990573  0.5576102 ]
 [ 0.23915173 -0.81133316 -0.53342758]
 [ 0.74574251 -0.19834873  0.63602368]]"
282,"[[-0.62076465 -0.54811799  0.56055133]
 [ 0.23678333 -0.81267873 -0.53243485]
 [ 0.7473853  -0.19778747  0.63426715]]"
283,"[[-0.6204977  -0.54691353  0.56202156]
 [ 0.23558665 -0.81357101 -0.53160244]
 [ 0.74798501 -0.19745333  0.63366454]]"
284,"[[-0.6191723  -0.54496138  0.56536955]
 [ 0.23327082 -0.81512892 -0.53023538]
 [ 0.74980688 -0.19642283  0.63182875]]"
285,"[[-0.61774916 -0.54351998  0.56830623]
 [ 0.23102485 -0.81623713 -0.5295134 ]
 [ 0.75167377 -0.19581358  0.62979634]]"
286,"[[-0.61689579 -0.54165274  0.57100955]
 [ 0.22884278 -0.81760969 -0.52834211]
 [ 0.75304089 -0.19526062  0.62833331]]"
287,"[[-0.61594569 -0.53954188  0.57402563]
 [ 0.22639178 -0.81914779 -0.52701389]
 [ 0.7545579  -0.19465723  0.62669828]]"
288,"[[-0.61515327 -0.53869524  0.57566819]
 [ 0.22512899 -0.81978543 -0.52656316]
 [ 0.75558147 -0.19431744  0.62556952]]"
289,"[[-0.61403829 -0.53693657  0.5784947 ]
 [ 0.22294673 -0.82108942 -0.52545878]
 [ 0.75713391 -0.19367831  0.62388864]]"
290,"[[-0.61289773 -0.53500194  0.58148884]
 [ 0.22077668 -0.82254967 -0.52408939]
 [ 0.7586923  -0.192834    0.62225468]]"
291,"[[-0.61151744 -0.53347892  0.58433433]
 [ 0.21867275 -0.82369882 -0.52316581]
 [ 0.76041344 -0.192147    0.62036338]]"
292,"[[-0.61141013 -0.53215919  0.58564845]
 [ 0.21758706 -0.82462808 -0.52215356]
 [ 0.76081101 -0.19182039  0.61997659]]"
293,"[[-0.60991088 -0.53039084  0.58880762]
 [ 0.21502847 -0.82589066 -0.52121726]
 [ 0.76273954 -0.19128573  0.61776914]]"
294,"[[-0.60842152 -0.52868163  0.59187748]
 [ 0.21277757 -0.8271638  -0.52012088]
 [ 0.76455799 -0.19051447  0.61575576]]"
295,"[[-0.60751587 -0.52669621  0.59457176]
 [ 0.21092726 -0.82863923 -0.51852359]
 [ 0.76578989 -0.18959992  0.61450607]]"
296,"[[-0.60665009 -0.52617804  0.59591318]
 [ 0.21006935 -0.82906481 -0.51819156]
 [ 0.76671163 -0.18917793  0.61348652]]"
297,"[[-0.60508428 -0.52437131  0.5990891 ]
 [ 0.2077365  -0.83038978 -0.51700906]
 [ 0.76858218 -0.18838139  0.61138691]]"
298,"[[-0.60609732 -0.52342924  0.59888882]
 [ 0.20696818 -0.83079904 -0.51665957]
 [ 0.76799099 -0.18919504  0.61187817]]"
299,"[[-0.60486211 -0.52143802  0.60186722]
 [ 0.20471573 -0.83221779 -0.51527176]
 [ 0.76956691 -0.18845665  0.61012342]]"
300,"[[-0.60346452 -0.51988336  0.60460886]
 [ 0.20295151 -0.83340464 -0.51404999]
 [ 0.77112987 -0.18750466  0.60844128]]"
301,"[[-0.60243372 -0.51931171  0.60612617]
 [ 0.20208376 -0.83389159 -0.51360194]
 [ 0.77216302 -0.18692286  0.60730881]]"
302,"[[-0.60106275 -0.51773354  0.60883125]
 [ 0.20065079 -0.83515751 -0.51210466]
 [ 0.77360376 -0.18564454  0.6058656 ]]"
303,"[[-0.59936658 -0.51585081  0.61209289]
 [ 0.19814513 -0.83647569 -0.51092754]
 [ 0.7755632  -0.18494969  0.60356905]]"
304,"[[-0.59779462 -0.51413606  0.61506553]
 [ 0.19632947 -0.83778076 -0.50948808]
 [ 0.77723628 -0.1838137   0.60176067]]"
305,"[[-0.59616574 -0.5129952   0.61759393]
 [ 0.19477292 -0.83867327 -0.50861638]
 [ 0.7788773  -0.18292906  0.59990566]]"
306,"[[-0.5952901  -0.51193524  0.61931571]
 [ 0.19374537 -0.83947202 -0.5076903 ]
 [ 0.77980278 -0.18223344  0.59891435]]"
307,"[[-0.59346857 -0.5102568   0.62244119]
 [ 0.19145987 -0.84065721 -0.50659507]
 [ 0.78175326 -0.18147574  0.59659731]]"
308,"[[-0.59144054 -0.50861519  0.62570646]
 [ 0.18920449 -0.84184702 -0.50546535]
 [ 0.7838365  -0.18056618  0.59413451]]"
309,"[[-0.58938714 -0.50726054  0.62873653]
 [ 0.18762828 -0.84295491 -0.504205  ]
 [ 0.78575983 -0.17920322  0.59200341]]"
310,"[[-0.58772353 -0.50508728  0.63203468]
 [ 0.18507192 -0.84441146 -0.5027103 ]
 [ 0.78760992 -0.17848278  0.58975784]]"
311,"[[-0.58639604 -0.50462742  0.633633  ]
 [ 0.18444192 -0.84487234 -0.50216719]
 [ 0.78874634 -0.17760033  0.58850408]]"
312,"[[-0.58465735 -0.5023872   0.63701086]
 [ 0.18171265 -0.8463358  -0.50069573]
 [ 0.79066823 -0.1769825   0.58610647]]"
313,"[[-0.58246956 -0.50075453  0.64029213]
 [ 0.17954169 -0.84751219 -0.49948758]
 [ 0.79277607 -0.17597714  0.58355616]]"
314,"[[-0.58029016 -0.49908438  0.64356671]
 [ 0.17769934 -0.84877689 -0.49799672]
 [ 0.79478694 -0.17462122  0.58122386]]"
315,"[[-0.57855448 -0.49752108  0.64633386]
 [ 0.17573056 -0.84984463 -0.49687308]
 [ 0.7964882  -0.17388752  0.57911098]]"
316,"[[-0.57718819 -0.49685272  0.64806724]
 [ 0.17490621 -0.85040612 -0.49620282]
 [ 0.79766007 -0.17305142  0.57774695]]"
317,"[[-0.57488549 -0.4949773   0.65153994]
 [ 0.17237527 -0.85166895 -0.49492102]
 [ 0.79987098 -0.1722136   0.57493427]]"
318,"[[-0.57290261 -0.49337309  0.65449644]
 [ 0.17068104 -0.85284151 -0.49348692]
 [ 0.8016549  -0.17100981  0.57280456]]"
319,"[[-0.57097624 -0.49177537  0.65737592]
 [ 0.16908619 -0.85401037 -0.49201234]
 [ 0.80336541 -0.16977417  0.57077204]]"
320,"[[-0.5699116  -0.49089049  0.65895916]
 [ 0.16791961 -0.85459312 -0.49139959]
 [ 0.80436537 -0.16940211  0.56947241]]"
321,"[[-0.56767797 -0.48965026  0.66180385]
 [ 0.16659423 -0.85558489 -0.49012331]
 [ 0.80621839 -0.1679795   0.56726959]]"
322,"[[-0.56647049 -0.48698679  0.66479702]
 [ 0.16408608 -0.85721274 -0.48812097]
 [ 0.80758094 -0.1674222   0.56549353]]"
323,"[[-0.56417095 -0.48540919  0.6678989 ]
